	0.000003386085788 , 1.008728922870000 
	0.000019670074741 , 1.007008946530000 
	0.000043321197788 , 1.003346798220000 
	0.000055146759311 , 1.001515713100000 
	0.000412202423374 , 1.000168579010000 
	0.026361299103100 , 0.999417828419000 
	0.037298799103100 , 0.971193297624000 
	0.049798799103100 , 0.952888513699000 
	0.057516694610900 , 0.939627014162000 
	0.058066011017100 , 0.939279825502000 
	0.059530854767100 , 0.938397674429000 
	0.062298799103100 , 0.936476038312000 
	0.070016694610900 , 0.926328031323000 
	0.070566011017100 , 0.926257348515000 
	0.072030854767100 , 0.926146239956000 
	0.074798799103100 , 0.925810984616000 
	0.077923799103100 , 0.924446768097000 
	0.079391694610900 , 0.921354188974000 
	0.082516694610900 , 0.920899117277000 
	0.487737184651000 , 0.910745455889000 
	0.487949281819000 , 0.909694407586000 
	0.488112550862000 , 0.908345982011000 
	0.488274675496000 , 0.906790979940000 
	0.488286501057000 , 0.904377988162000 
	0.488469606526000 , 0.902246153443000 
	0.489763551839000 , 0.885184702360000 
	0.490129762776000 , 0.882461841268000 
	0.490862184651000 , 0.871479999785000 
	0.491237550862000 , 0.868932146461000 
	0.491411501057000 , 0.864889414962000 
	0.491594606526000 , 0.862684681619000 
	0.494060426839000 , 0.834070197321000 
	0.495622926839000 , 0.830423802060000 
	0.497185426839000 , 0.792646115782000 
	0.498747926839000 , 0.788649180792000 
	0.500310426839000 , 0.750496780197000 
	0.501872926839000 , 0.746268489973000 
	0.503044801839000 , 0.734519523596000 
	0.503435426839000 , 0.707861697574000 
	0.504997926839000 , 0.703524372925000 
	0.508122926839000 , 0.660664615203000 
	0.511247926839000 , 0.617940596443000 
	0.512810426839000 , 0.579516317365000 
	0.515935426839000 , 0.537428151222000 
	0.528435426839000 , 0.475053320715000 
	0.533122926839000 , 0.343799077427000 
	0.545622926839000 , 0.227570694550000 
	0.548747926839000 , 0.205183552171000 
	0.551872926839000 , 0.185794223390000 
	0.554997926839000 , 0.169538118935000 
	0.556169801839000 , 0.168710185983000 
	0.558122926839000 , 0.156532011729000 
	0.561247926839000 , 0.146873085688000 
	0.767497926839000 , 0.111738954878000 
	0.770622926839000 , 0.051986336888700 
	0.773747926839000 , -0.005857658718170 
	0.790935426839000 , -0.176915342991000 
	0.795622926839000 , -0.329837896871000 
	0.815935426839000 , -0.349422398496000 
	0.820622926839000 , -0.448016426790000 
